62811300247
628113333968
628113775688
62811940328
6281213282551
6281214477982
6281214824697
6281216001660
6281216107017
6281216511922
6281216526463
6281216553613
6281216565879
628121663736
6281216723352
6281216841014
6281216842126
6281217103637
6281217144117
6281217421942
6281217799454
6281217828304
6281217916224
6281218902696
6281222444903
6281222721324
6281223322227
6281225547359
6281225547398
6281226297453
6281226359529
6281227822377
6281229742720
6281229773568
6281230027264
6281230399133
628123075676
6281230985402
6281230994874
628123135009
6281231632624
6281231845300
6281231948523
6281232054027
6281232106747
6281232130548
6281232140430
6281232165080
6281232193704
6281232193774
6281232206597
6281232256516
6281232312267
6281232322660
6281232329695
6281232333816
6281232336691
6281232355433
6281232403224
6281232897992
6281233072575
6281233319790
6281233355616
6281233392929
6281233450044
6281233613111
6281233679818
6281233689955
6281233789606
6281233832012
6281233854860
6281233962442
6281234023727
6281234278648
6281234396963
6281234495678
6281234516135
628123453431
6281234843691
6281234860085
6281234891238
6281235279442
6281235412657
6281235443185
6281235722262
6281235948612
6281236422953
6281239396003
6281245682005
6281249060445
6281249279772
6281249357702
6281249397197
6281249680421
6281250031681
6281250170401
6281251744528
6281252230114
6281252253293
6281252602650
6281252656021
6281252826133
628125290392
6281257276868
6281259125781
6281259310426
6281259325499
6281259402200
6281259484990
6281259494405
6281259657826
6281259822173
6281259872381
6281259925700
6281271918326
6281281310005
6281283212161
6281287746783
6281288021252
6281288309154
6281290850322
6281292097160
6281293795185
6281295950645
6281310293845
6281319970791
6281320250856
6281325052882
6281325686682
6281326046450
6281328358427
6281329290868
6281329545473
6281329781188
6281329817887
6281330223466
6281330225629
6281330233876
6281330250627
6281330959661
6281330990237
6281331007553
6281331048111
6281331108404
6281331271991
6281331309594
6281331344055
6281331669512
6281331882567
6281332158085
6281332190170
6281332304477
6281332610210
6281332634064
6281333084606
6281333160433
6281333352365
6281333390446
6281333456450
6281333525027
6281333598859
6281333609942
6281333777330
6281333920730
6281334009009
6281334123308
6281334130060
6281334140324
6281334183558
6281334186918
6281334220662
6281334253203
6281334267502
6281334309696
6281334334171
6281334353665
6281334389632
6281334397329
6281334401895
6281334703216
6281335221925
6281335307532
6281335545983
6281335711720
6281335857363
6281335932264
6281336124899
6281336217829
6281336369965
6281336488346
6281336504769
6281336553267
6281336648256
6281336865460
6281338213089
6281339938363
6281339940115
6281339950983
6281341029528
6281343346087
6281344515629
6281352586613
6281357573018
6281357641683
6281358029882
6281358512229
6281358518974
6281358601933
6281358959147
6281358989221
6281359038654
6281359050177
6281359050256
6281359293687
6281359493697
6281359532438
6281359914807
6281359919964
6281359928202
6281380008681
6281380725380
6281383277728
6281386261980
6281390969728
6281393091985
6281393757377
6281398430621
6281438026932
6281510898937
6281515336599
6281515343411
6281515764525
6281546548797
628155280457
6281554221062
6281554497317
6281554561837
6281554684414
6281555306858
6281555404303
6281555474803
6281555477431
6281555486980
628155554027
628155558103
6281555803912
6281556667166
6281556790442
6281556979992
6281556997438
628155911107
6281559720650
6281559906905
6281574774221
6281575448847
6281575450656
6281615116481
6281615500548
6281615507714
6281615536423
6281615922831
6281615941005
6281617588541
62816515182
6281654985328
62816596766
62816747927
628174744522
628179255256
62818122165
62818309377
62818380607
6281913130211
6281913135999
6281938061015
6281944047043
6281952547894
6282111423387
6282115590401
6282122129493
6282124643272
6282125446815
6282127511371
6282129140428
6282131076003
6282131087901
6282131093164
6282131412279
6282131643178
6282131760808
6282131786118
6282131802643
6282131876832
6282132052579
6282132192338
6282132374371
6282132496637
6282132913239
6282135301601
6282135443280
6282136655138
6282136959594
6282139281447
6282139356309
6282139401316
6282139513844
6282139522386
6282139680517
6282139747452
6282139921096
6282140071422
6282140405610
6282140687467
6282140789464
6282140846886
6282140850469
6282141024640
6282141100856
6282141101082
6282141160984
6282141289910
6282141448936
6282141452495
6282141791440
6282141824270
6282141904181
6282141915692
6282142098223
6282142402952
6282142403038
6282142419193
6282142600908
6282142818398
6282142880321
6282142915995
6282143107239
6282143117640
6282143491626
6282143494434
6282143536985
6282143569816
6282143691996
6282146623336
6282147142185
6282147278875
6282188206568
6282210384437
6282211334459
6282214355238
6282218915314
6282225398304
6282228341668
6282228356526
6282228455577
6282228482587
6282228597698
6282228685552
6282228686016
6282229005434
6282230209059
6282230428032
6282230507776
6282230669331
6282230979340
6282231040033
6282231191438
6282231307676
6282231425655
6282231733756
6282231750750
6282231854178
6282231995598
6282232109253
6282232133001
6282232135337
6282232355134
6282232364588
6282232380754
6282232393287
6282232516095
6282232583769
6282232643754
6282232648179
6282232736181
6282233219776
6282233223715
6282233240220
6282233255798
6282233324112
6282233447228
6282233610569
6282233952011
6282234055558
6282234070150
6282234112848
6282234401701
6282234409992
6282234546871
6282234563005
6282234653570
6282234824794
6282234890200
6282234912238
6282236406696
6282236694661
6282237305343
6282240031349
6282240304893
6282242793781
6282243414303
6282243707577
6282244318555
6282244350175
6282244420511
6282244433686
6282244514444
6282244715070
6282245176075
6282245197886
6282245210885
6282245253049
6282245608205
6282245630640
6282245869599
6282247974694
6282257005192
6282257006338
6282257042228
6282257099599
6282257200226
6282257217700
6282257347400
6282257402029
6282257602438
6282257887869
6282259279579
6282265101275
6282265236220
6282266122897
6282298571166
6282301624969
6282302010020
6282302346449
6282323090683
6282323941430
6282324829314
6282330005566
6282330384705
6282330393631
6282330407644
6282330430059
6282331171592
6282331232454
6282331232518
6282331245556
6282331408751
6282331425259
6282331529092
6282331546774
6282331589996
6282331672752
6282331979511
6282332228316
6282332603585
6282333443457
6282333565894
6282333979278
6282334005381
6282334005557
6282334290754
6282334300040
6282334300647
6282334710200
6282334744499
6282335241158
6282335305199
6282335626901
6282336880095
6282336891112
6282337787069
6283112040003
6283114542807
6283115901138
6283189159667
6283817359062
6283830775531
6283833120426
6283833340878
6283834307293
6283834943801
6283835579723
6283840063373
6283846404340
6283846451200
6283846518186
6283848375221
6283848628783
6283848887497
6283849063231
6283849141433
6283850984213
6283851353389
6283853997499
6283854908266
6283856640163
6283857494204
6283873414000
6283893797791
6285102279458
6285102787840
6285156960455
6285162714031
6285186858958
6285203099598
6285222285401
6285222580008
6285230440134
6285230489805
6285230777754
6285231208345
6285231458154
6285231645652
6285231731099
6285231735740
6285231736090
6285232127582
6285232807949
6285233305834
6285234169825
6285234301444
6285234522976
6285234629858
6285234766470
6285235635277
6285235757299
6285236034848
6285236137221
6285236676673
6285236701168
6285240634903
6285257642909
6285257789902
6285257910130
6285258114104
6285258403441
6285258699059
6285259027995
6285259135254
6285259282645
6285259305326
6285259305357
6285259333987
6285259379493
6285259469562
6285259923889
6285272017390
6285282934121
6285292330941
6285320061228
6285321107191
6285330091751
6285330236170
6285331047577
6285331286456
6285331601986
6285333099912
6285334082707
6285334335062
6285334632288
6285334884648
6285334927411
6285334942350
6285334958811
6285334985289
6285335096061
6285335602253
6285336098040
6285336376420
6285336414616
6285368404718
6285536307021
6285536398324
6285536581733
6285546060482
6285546754904
6285546770201
6285546900966
6285549071538
6285600009025
6285602475320
6285604033552
6285604089636
6285604283779
6285604391408
6285604688814
6285606036947
6285606063343
6285606064157
6285606065897
6285606177402
6285606373933
6285606402889
6285606513405
6285606590243
6285606608752
6285606877775
6285606887304
6285607096908
6285607264690
6285607340277
6285607422769
6285607646366
6285607695145
6285607771042
6285607809862
6285607878377
6285607915076
6285607921855
6285608013715
6285608019243
6285608076229
6285608130559
6285608150153
6285608156863
6285608177986
6285608594224
6285608722035
628563009032
628563033004
628563138387
628563334494
628563361641
628563546229
628563553887
628563575252
628563590664
628563673362
6285643824047
6285645047273
6285645066458
6285645073260
6285645074028
6285645117070
6285645160216
6285645169043
6285645553154
6285645570950
6285645751445
6285645839390
6285645956566
6285646083111
6285646196112
6285646323683
6285646384167
6285646419666
6285646444684
6285646484736
6285646506009
6285646523449
6285646627217
6285646655448
6285646680275
6285646692481
6285646732816
6285646744732
6285646786882
6285646790910
6285647607807
6285648128177
6285648144026
6285648179629
6285648259854
6285648318244
6285648344180
6285648400499
6285648429751
6285648437301
6285648438453
6285648540317
6285648654687
6285648826665
6285648832460
6285649020840
6285649032883
6285649040144
6285649041015
6285649097323
6285649254599
6285649257155
6285649311150
6285649454968
6285649482848
6285649532927
6285649629156
6285649662285
6285649754030
6285649783919
6285649848728
6285649852286
6285649878225
6285649919974
6285649944420
6285649992595
6285651137975
6285655466437
6285655531195
6285655583033
6285655678825
6285655756324
6285655824918
6285655869653
6285655902117
6285655965651
6285655986318
6285664549639
628567856275
6285692989039
6285700632130
6285702854730
6285704001034
6285704004219
6285704055630
6285704167402
6285704339725
6285704544855
6285706149663
6285706149935
6285706157107
6285706160992
6285706276830
6285706288832
6285706288842
6285706370658
6285706546640
6285706554118
6285706610478
6285706649699
6285706668060
6285706755442
6285706831552
6285706838529
6285706883083
6285706883818
6285707045885
6285707142957
6285707204842
6285707328726
6285707328736
6285707440662
6285707484402
6285707571949
6285707631521
6285707681008
6285708502518
6285708676877
6285711011814
6285716570250
6285718004293
6285718237071
6285718240991
6285718548536
6285726826512
6285727807232
6285730050747
6285730118713
6285730133085
6285730146796
6285730200078
6285730384779
6285730486225
6285730502958
6285730555125
6285730616879
6285730635779
6285730713595
6285730753202
6285730755952
6285730763513
6285730768253
6285730869993
6285730888399
6285730929874
6285730935350
6285731071823
6285731073836
6285731117282
6285731151806
6285731232466
6285731300193
6285731314150
6285731333516
6285731367883
6285731369769
6285731371421
6285731405371
6285731413893
6285731494645
6285731566313
6285731703354
6285731724237
6285731724241
6285731785650
6285731830014
6285731846075
6285731849470
6285731862263
6285731914024
6285731924088
6285731995427
6285731995488
6285732112351
6285732151015
6285732241193
6285732287987
6285732503157
6285732511021
6285732511022
6285732584926
6285732866034
6285732942762
6285733068536
6285733077273
6285733142122
6285733235404
6285733251534
6285733477967
6285733512484
6285733512937
6285733514112
6285733684500
6285733701214
6285733707512
6285733801853
6285735315940
6285735343699
6285735524424
6285735566743
6285735999252
6285736001255
6285736022579
6285736107350
6285736200977
6285736429837
6285736564605
6285736569436
6285736661730
6285736669243
6285736669291
6285737298114
6285738081606
6285738243310
6285738243320
6285738711351
6285742218404
6285745339478
6285745489244
6285745737694
6285745976766
6285746123674
6285746326274
6285746331361
6285746336231
6285746669992
6285746823011
6285746937884
6285746944268
6285746945864
6285747233352
6285748007006
6285748234320
6285748254189
6285748376282
6285748380545
6285748382038
6285748390215
6285748464552
6285748493505
6285748548886
6285748768661
6285748890505
6285748972928
6285748974058
6285749008414
6285749119800
6285749307112
6285749402021
6285749547322
6285749583595
6285749584872
6285749605020
6285749605255
6285749673001
6285749673046
6285749721618
6285749753962
6285749993081
6285754761693
6285755001759
6285755025635
6285755130111
6285755141490
6285755160196
6285755286218
6285755328872
6285755337003
6285755356688
6285755361556
6285755362448
6285755364892
6285755369590
6285755392145
6285755396762
6285755400322
6285755407431
6285755412636
6285755439632
6285755522558
6285755527388
6285755541689
6285755548624
6285755559114
6285755588540
6285755622282
6285755642033
6285755673556
6285755730446
6285755735910
6285755755025
6285755795520
6285755822919
6285755832009
6285755843198
6285755858620
6285755935821
6285755953626
6285755990789
6285757571202
6285762406894
6285762773977
6285763696602
6285770683305
6285771559398
6285772751779
6285775865577
6285776073099
6285777781766
6285780149984
6285781590324
6285784036277
6285784091609
6285784227883
6285784411872
6285784440393
6285784492944
6285784504660
6285784585401
6285784661101
6285784763187
6285784843607
6285785002055
6285785007966
6285785050066
6285785063056
6285785116785
6285785282229
6285785477540
6285785557514
6285785573017
6285785605054
6285785747615
6285785820067
6285785891799
6285785962353
6285790209405
6285790451572
6285790604841
6285790794394
6285790873274
6285791070043
6285791094383
6285791155393
6285791247645
6285791298348
6285791299647
6285791347216
6285791433413
6285791559369
6285791612765
6285791773606
6285791784613
6285791939181
6285792569893
6285796550494
6285804067959
6285804254216
6285804353356
6285804496695
6285805866774
6285806021570
6285806025477
6285806312442
6285806400643
6285806401086
6285806401302
6285806469969
6285806484210
6285806530111
6285806640249
6285806683279
6285806750025
6285806750516
6285806750559
6285806782093
6285806785643
6285806785645
6285807111446
6285807111579
6285807130079
6285807163166
6285807200964
6285807203006
6285807206343
6285807490302
6285807496932
6285808302833
6285808305480
6285808472342
6285808473265
6285808489492
6285808806612
6285811185473
6285815001323
6285815194506
6285815247049
6285815279629
6285815303388
6285815337787
6285815344197
6285815370016
6285815414437
6285815429991
6285815459832
6285815464959
6285815523070
6285815523942
6285815550316
6285816113747
6285816113852
6285816114139
6285816114140
6285816165338
6285816166614
6285816167457
6285816342988
6285820426397
6285837181723
6285837181744
6285843074721
6285843434347
6285843764667
6285843767694
6285843908615
6285850092690
6285850224844
6285850226267
6285850298793
6285850357469
6285850367831
6285850465903
6285850625305
6285850701050
6285850735068
6285850782124
6285850799936
6285851157634
6285851158346
6285851445559
6285851839447
6285851881926
6285852177453
6285852256300
6285852643563
6285852650207
6285852657947
6285852698168
6285852725492
6285852743402
6285852791075
6285852991927
6285853459266
6285853485122
6285853485980
6285853501610
6285853525848
6285854046827
6285854439369
6285854484895
6285854492635
6285854628238
6285854838648
6285855166574
6285855221468
6285855223154
6285855226441
6285855442470
6285855599939
6285855745729
6285855796833
6285855830995
6285855930553
6285855936532
6285855966512
6285856100011
6285856379122
6285856566695
6285856588153
6285856715737
6285856916176
6285856919430
6285856930262
6285859000960
6285859004583
6285859323436
6285859324786
6285859342493
6285859649892
6285859777508
6285859827347
6285859827451
6285859877219
6285859985339
6285859999326
6285866666770
6285877779704
6285877780027
6285888079286
6285890737244
6285895120852
6285895267695
6285895269202
6285895273138
6285895366021
6285895434851
6285895447581
6285895483033
6285895499844
6285895506717
6285895570004
6285895594694
6285895778901
6285895975442
6285896923503
6285904422954
62859185941718
6285925390890
6285931172768
6285932231760
6285933158107
6285940469284
6285943438341
6285954685674
6285964374777
6285974570241
6287712374501
6287714377158
6287717365706
6287727642340
6287743276536
6287751660842
6287752220775
6287754441416
6287754522745
6287754683555
6287755096098
6287755222838
6287773563950
6287778311964
6287782777915
6287784143389
6287820071985
6287832852389
6287836397573
6287840831963
6287851935531
6287853123512
6287856627420
6287865016358
6287865715157
6287872710280
62881026151554
62881026235106
62881026414154
62881026420470
62881026989259
62881027126095
62881036000074
628813527853
628816372850
628817970177
628819080779
628819734801
628819826208
62882006207782
62882009098536
6288217953052
6288226176017
6288228482004
6288228595909
6288228870414
6288231855007
6288231972843
6288235775197
6288237471493
6288237510348
6288291802355
6288741052247
6288803253578
6288803603498
6288803647728
6288805470443
628883010817
628883841128
628885488900
6289505959942
6289509551180
6289510510716
6289512474994
6289514405303
6289514655641
6289515454378
6289515955493
6289515968684
6289515992885
6289516613861
6289518496777
6289519043355
6289519264543
6289522696190
6289523367845
6289528483734
6289529639236
6289530405643
62895320820336
62895323390709
62895323729953
62895325080966
62895326001293
62895330020409
62895330020807
62895330051300
62895335952056
62895336083273
62895336389140
62895337013734
62895340104535
62895341524022
62895350616161
62895358201199
62895366044853
62895366049414
62895366145422
62895366253750
62895367194124
62895373893878
62895381467776
62895384301153
62895395043414
62895396182779
62895397101373
62895400466010
62895400551777
62895404931137
62895415850486
62895418586020
62895601122252
62895614652907
62895617695022
62895621138088
62895627063452
62895627509535
62895628100350
62895633097878
62895701950302
62895800505930
62895802921577
62895804263208
62895804263418
62895808638585
6289603221184
6289604497470
6289612597296
6289612633611
6289612799147
628961674180
6289619338558
6289621891564
6289622148646
6289626320203
6289626884057
6289629724460
6289629725935
6289630630198
6289633371600
6289638280118
6289647056513
6289652438248
6289652800802
6289653903900
6289654611053
6289656439020
6289656439696
6289658558523
6289659592800
6289664570764
6289668315096
6289673199921
6289673621848
6289675744928
6289676992334
6289677142326
6289677279454
6289677716702
6289677723384
6289678435029
6289680278917
6289683342759
6289683456534
6289683471277
6289684110007
6289684778088
6289685433290
6289685446243
6289685649408
6289687512121
6289687983984
6289696217605
6289699440217
6289699482186
6289699606715
6289699617860
6289699692049
6289699898472
6289699996343
628970155763
628970484851
628970877288
628973783010
628978888859
628980153999
628980302746
628980679446
628981501379
628983301844
628983888315
628983961364
628984921644
628989248114
628990024933
628990856907
628998829279
628999406045
