62815229097684
62815229097684
62815229097684
62815229097684
62815229097685
62815229097685
62815229097685
62815229097685
62815229097651
62815229097651
62815229097651
62815229097651
62815229097658
62815229097658
62815229097658
62815229097658
62815229097656
62815229097656
62815229097656
62815229097656
62815229097657
62815229097657
62815229097657
62815229097657
62856081630620
62856081630620
62856081630620
62856081630620
62856081630621
62856081630621
62856081630621
62856081630621
62856081630623
62856081630623
62856081630623
62856081630623
62856081630622
62856081630622
62856081630622
62856081630622
62856081630624
62856081630624
62856081630624
62856081630624
62856081630628
62856081630628
62856081630628
62856081630628
62856081630629
62856081630629
62856081630629
62856081630629
62856081630612
62856081630612
62856081630612
62856081630612
62856081630613
62856081630613
62856081630613
62856081630613
62856081630614
62856081630614
62856081630614
62856081630614
62856081630615
62856081630615
62856081630615
62856081630615
62856081630616
62856081630616
62856081630616
62856081630616
62856081630617
62856081630617
62856081630617
62856081630617
62856081630618
62856081630618
62856081630618
62856081630618
62856081630619
62856081630619
62856081630619
62856081630619
62856081630610
62856081630610
62856081630610
62856081630610
6285608163068
6285608163068
6285608163068
6285608163068
62856081630680
62856081630680
62856081630680
62856081630680
62856081630682
62856081630682
62856081630682
62856081630682
62856081630681
62856081630681
62856081630681
62856081630681
62856081630684
62856081630684
62856081630684
62856081630684
62856081630688
62856081630688
62856081630688
62856081630688
62856081630689
62856081630689
62856081630689
62856081630689
6281522911721
6281522911721
6281522911721
6281522911721
62815229117210
62815229117210
62815229117210
62815229117210
62815229117212
62815229117212
62815229117212
62815229117212
62815229117213
62815229117213
62815229117213
62815229117213
62815229117214
62815229117214
62815229117214
62815229117214
62815229117216
62815229117216
62815229117216
62815229117216
62815229117215
62815229117215
62815229117215
62815229117215
62815229117217
62815229117217
62815229117217
62815229117217
62815229117218
62815229117218
62815229117218
62815229117218
62815229117219
62815229117219
62815229117219
62815229117219
62815229117211
62815229117211
62815229117211
62815229117211
62815229118610
62815229118610
62815229118610
62815229118610
62815229118612
62815229118612
62815229118612
62815229118612
62815229118613
62815229118613
62815229118613
62815229118613
62815229118614
62815229118614
62815229118614
62815229118614
62815229118615
62815229118615
62815229118615
62815229118615
62815229118616
62815229118616
62815229118616
62815229118616
62815229118617
62815229118617
62815229118617
62815229118617
62815229118618
62815229118618
62815229118618
62815229118618
62815229118619
62815229118619
62815229118619
62815229118619
62856557471860
62856557471860
62856557471860
62856557471860
62856557471861
62856557471861
62856557471861
62856557471861
62856557471862
62856557471862
62856557471862
62856557471862
62856557471863
62856557471863
62856557471863
62856557471863
62856557471864
62856557471864
6285655747186
6285655747186
6285655747186
6285655747186
62815229117328
62815229117328
62815229117328
62815229117328
62815229117329
62815229117329
62815229117329
62815229117329
6281522910020
6281522910020
6281522910020
6281522910020
62815229100200
62815229100200
62815229100200
62815229100200
62815229100201
62815229100201
62815229100201
62815229100201
62815229100202
62815229100202
62815229100202
62815229100202
62815229100203
62815229100203
62815229100203
62815229100203
62815229100204
62815229100204
62815229100204
62815229100204
62815229100205
62815229100205
62815229100205
62815229100205
62815229100206
62815229100206
62815229100206
62815229100206
62815229100207
62815229100207
62815229100207
62815229100207
62815229100208
62815229100208
62815229100208
62815229100208
62815229100209
62815229100209
62815229100209
62815229100209
6281522913742
6281522913742
6281522913742
6281522913742
62815229137420
62815229137420
62815229137420
62815229137420
62815229137421
62815229137421
62815229137421
62815229137421
62815229137422
62815229137422
62815229137422
62815229137422
62815229137423
62815229137423
62815229137423
62815229137423
62815229137424
62815229137424
62815229137424
62815229137424
62815229137425
62815229137425
62815229137425
62815229137425
62815229137426
62815229137426
62815229137426
62815229137426
62815229137428
62815229137428
62815229137428
62815229137428
62815229137429
62815229137429
62815229137429
62815229137429
6281522911913
6281522911913
6281522911913
6281522911913
62815229119130
62815229119130
62815229119130
62815229119130
62815229119132
62815229119132
62815229119132
62815229119132
62815229119133
62815229119133
62815229119133
62815229119133
62815229119134
62815229119134
62815229119134
62815229119134
62815229119135
62815229119135
62815229119135
62815229119135
62815229119136
62815229119136
62815229119136
62815229119136
62815229119137
62815229119137
62815229119137
62815229119137
62815229119138
62815229119138
62815229119138
62815229119138
6281522911608
6281522911608
6281522911608
6281522911608
62815229116081
62815229116081
62815229116081
62815229116081
62815229116082
62815229116082
62815229116082
62815229116082
62815229116083
62815229116083
62815229116083
62815229116083
62815229116084
62815229116084
62815229116084
62815229116084
62815229116085
62815229116085
62815229116085
62815229116085
62815229116086
62815229116086
62815229116086
62815229116086
62815229116087
62815229116087
62815229116087
62815229116087
62815229116088
62815229116088
62815229116088
62815229116088
62815229116089
62815229116089
62815229116089
62815229116089
6281522911658
6281522911658
6281522911658
6281522911658
62815229116580
62815229116580
62815229116580
62815229116580
62815229116581
62815229116581
62815229116581
62815229116581
62815229116582
62815229116582
62815229116582
62815229116582
62815229116583
62815229116583
62815229116583
62815229116583
62815229116584
62815229116584
62815229116584
62815229116584
62815229116586
62815229116586
62815229116586
62815229116586
62815229116587
62815229116587
62815229116587
62815229116587
62815229116588
62815229116588
62815229116588
62815229116588
62815229116589
62815229116589
62815229116589
62815229116589
6281554004937
6281554004937
6281554004937
6281554004937
62815540049370
62815540049370
62815540049370
62815540049370
62815540049371
62815540049371
62815540049371
62815540049371
62815540049372
62815540049372
62815540049372
62815540049372
62815540049373
62815540049373
62815540049373
62815540049373
62815540049374
62815540049374
62815540049374
62815540049374
62815540049375
62815540049375
62815540049375
62815540049375
62815540049376
62815540049376
62815540049376
62815540049376
62815540049377
62815540049377
62815540049377
62815540049377
62815540049378
62815540049378
62815540049378
62815540049378
62815540049379
62815540049379
62815540049379
62815540049379
62815540049471
62815540049471
62815540049471
62815540049471
6281554004947
6281554004947
6281554004947
6281554004947
62815540049472
62815540049472
62815540049472
62815540049472
62815540049473
62815540049473
62815540049473
62815540049473
62815540049474
62815540049474
62815540049474
62815540049474
62815540049475
62815540049475
62815540049475
62815540049475
62815540049476
62815540049476
62815540049476
62815540049476
62815540049477
62815540049477
62815540049477
62815540049477
62815540049478
62815540049478
62815540049478
62815540049478
62815540049479
62815540049479
62815540049479
62815540049479
6281522911684
6281522911684
6281522911684
6281522911684
62815229116840
62815229116840
62815229116840
62815229116840
62815229116842
62815229116842
62815229116842
62815229116842
62815229116843
62815229116843
62815229116843
62815229116843
62815229116844
62815229116844
62815229116844
62815229116844
62815229116845
62815229116845
62815229116845
62815229116845
62815229116846
62815229116846
62815229116846
62815229116846
62815229116847
62815229116847
62815229116847
62815229116847
62815229116848
62815229116848
62815229116848
62815229116848
62815229116849
62815229116849
62815229116849
62815229116849
6281522911685
6281522911685
6281522911685
6281522911685
62815229116850
62815229116850
62815229116850
62815229116850
62815229116851
62815229116851
62815229116851
62815229116851
62815229116856
62815229116856
62815229116856
62815229116856
62815229116854
62815229116854
62815229116854
62815229116854
62815229116855
62815229116855
62815229116855
62815229116855
62815229116857
62815229116857
62815229116857
62815229116857
62815229116858
62815229116858
62815229116858
62815229116858
62815229116852
62815229116852
62815229116852
62815229116852
62815229116859
62815229116859
62815229116859
62815229116859
6281522911681
6281522911681
6281522911681
6281522911681
62815229116810
62815229116810
62815229116810
62815229116810
62815229116811
62815229116811
62815229116811
62815229116811
62815229116812
62815229116812
62815229116812
62815229116812
62815229116813
62815229116813
62815229116813
62815229116813
62815229116814
62815229116814
62815229116814
62815229116814
62815229116815
62815229116815
62815229116815
62815229116815
62889766490350
62889766490350
62889766490350
62889766490350
62815229116817
62815229116817
62815229116817
62815229116817
62815229116818
62815229116818
62815229116818
62815229116818
62815229116819
62815229116819
62815229116819
62815229116819
6281522911689
6281522911689
6281522911689
6281522911689
62815229116890
62815229116890
62815229116890
62815229116890
62815229116891
62815229116891
62815229116891
62815229116891
62815229116892
62815229116892
62815229116892
62815229116892
62815229116893
62815229116893
62815229116893
62815229116893
62815229116894
62815229116894
62815229116894
62815229116894
62815229116895
62815229116895
62815229116895
62815229116895
62815229116896
62815229116896
62815229116896
62815229116896
62815229116897
62815229116897
62815229116897
62815229116897
62815229116898
62815229116898
62815229116898
62815229116898
62815229116899
62815229116899
62815229116899
62815229116899
6281522911687
6281522911687
6281522911687
6281522911687
62815229116870
62815229116870
62815229116870
62815229116870
62815229116871
62815229116871
62815229116871
62815229116871
62815229116872
62815229116872
62815229116872
62815229116872
62815229116873
62815229116873
62815229116873
62815229116873
62815229116874
62815229116874
62815229116874
62815229116874
62815229116875
62815229116875
62815229116875
62815229116875
62815229116876
62815229116876
62815229116876
62815229116876
62815229099356
62815229099356
62815229099356
62815229099356
62815229099356
62815229099356
62815229116878
62815229116878
62815229116878
62815229116878
62815229116879
62815229116879
62815229116879
62815229116879
6281522909935
6281522909935
6281522909935
6281522909935
62815229099350
62815229099350
62815229099350
62815229099350
62815229116877
62815229116877
62815229116877
62815229116877
62815229099355
62815229099355
62815229099355
62815229099355
62815229099352
62815229099352
62815229099352
62815229099352
62815229099353
62815229099353
62815229099353
62815229099353
62815229099354
62815229099354
62815229099354
62815229099354
62815229099357
62815229099357
62815229099357
62815229099357
62815229099358
62815229099358
62815229099358
62815229099358
62815229099359
62815229099359
62815229099359
62815229099359
6281522911682
6281522911682
6281522911682
6281522911682
62815229116820
62815229116820
62815229116820
62815229116820
62815229116822
62815229116822
62815229116822
62815229116822
62815229116821
62815229116821
62815229116821
62815229116821
62815229116823
62815229116823
62815229116823
62815229116823
62815229116824
62815229116824
62815229116824
62815229116824
62815229116825
62815229116825
62815229116825
62815229116825
62815229116826
62815229116826
62815229116826
62815229116826
62815229116827
62815229116827
62815229116827
62815229116827
62815229116828
62815229116828
62815229116828
62815229116828
62856557471867
62856557471867
62856557471867
62856557471867
62815229117335
62815229117335
62815229117335
62815229117335
62856557471868
62856557471868
62856557471868
62856557471868
62856557471869
62856557471869
62856557471869
62856557471869
6281522911733
6281522911733
6281522911733
6281522911733
62815229117332
62815229117332
62815229117332
62815229117332
62815229117333
62815229117333
62815229117333
62815229117333
62815229117336
62815229117336
62815229117336
62815229117336
62815229117337
62815229117337
62815229117337
62815229117337
62815229117338
62815229117338
62815229117338
62815229117338
62815229117339
62815229117339
62815229117339
62815229117339
62815229117311
62815229117311
62815229117311
62815229117311
